3
6
7
8
17
18
21
22
24
25
26
26
27
28
31
33
45
47
49
51
52
54
64
74
79
82
82
92
95
95
98
109
110
120
129
130
130
132
134
135
135
138
141
142
144
144
149
151
161
163
164
167
211
213
220
221
224
226
229
230
241
243
249
252
254
264
266
268
268
272
273
275
276
279
279
288
288
288
289
289
293
297
298
302
302
314
315
319
319
324
325
327
330
330
330
333
353
354
357
358
362
365
366
367
367
370
374
376
377
377
378
383
389
400
402
408
408
411
416
417
422
423
425
425
433
441
443
446
447
454
457
459
460
460
467
468
471
475
476
478
480
490
499
501
502
513
519
520
520
524
526
532
532
538
539
540
545
548
551
563
571
571
572
574
579
586
589
591
595
595
596
603
607
612
616
617
622
627
634
640
641
654
656
658
659
662
665
665
666
669
673
674
675
676
679
684
684
684
686
688
693
693
696
697
699
701
702
703
705
707
708
708
710
715
715
719
724
732
737
755
757
760
760
762
763
763
768
781
782
786
790
795
798
799
799
803
814
814
816
817
817
821
824
824
830
832
836
845
846
846
857
866
868
869
872
878
879
882
886
887
889
897
903
906
925
928
930
944
947
950
954
956
957
958
959
960
963
966
971
978
982
983
987
990
998
998
1002
1014
1016
1017
1017
1024
1031
1034
1038
1040
1040
1041
1045
1049
1051
1052
1072
1072
1074
1075
1084
1087
1093
1093
1098
1100
1108
1109
1112
1118
1118
1121
1121
1124
1137
1138
1141
1146
1147
1149
1154
1164
1164
1170
1171
1174
1175
1192
1200
1206
1207
1210
1211
1213
1214
1217
1220
1220
1226
1232
1232
1235
1245
1246
1265
1265
1266
1267
1270
1273
1279
1281
1282
1282
1282
1285
1286
1289
1296
1317
1320
1322
1326
1331
1331
1332
1333
1335
1339
1342
1352
1362
1368
1374
1375
1380
1382
1383
1384
1384
1385
1386
1387
1390
1400
1400
1406
1413
1416
1416
1418
1422
1424
1424
1425
1429
1435
1436
1436
1439
1444
1445
1452
1453
1462
1467
1470
1473
1478
1481
1482
1484
1485
1487
1489
1490
1495
1500
1500
1507
1507
1508
1515
1521
1525
1526
1527
1534
1545
1547
1549
1550
1550
1553
1568
1571
1577
1583
1587
1588
1599
1600
1609
1610
1613
1615
1616
1618
1623
1624
1632
1637
1642
1647
1649
1653
1654
1664
1665
1672
1672
1673
1678
1679
1680
1686
1691
1697
1697
1698
1703
1705
1705
1706
1706
1707
1709
1710
1715
1721
1724
1726
1730
1735
1748
1748
1755
1756
1756
1758
1763
1763
1767
1768
1769
1772
1774
1775
1782
1791
1795
1799
1805
1822
1823
1825
1825
1827
1834
1839
1844
1849
1850
1856
1856
1865
1867
1869
1870
1870
1876
1882
1885
1890
1892
1894
1898
1904
1906
1906
1913
1920
1923
1926
1929
1939
1939
1940
1946
1947
1948
1952
1953
1953
1954
1963
1970
1971
1972
1979
1981
1984
1984
1985
1990
1991
1992
1994
1995
1997
2000
2000
2007
2012
2012
2016
2018
2027
2028
2032
2032
2037
2041
2042
2043
2045
2051
2057
2059
2061
2063
2071
2077
2080
2084
2088
2091
2093
2106
2107
2115
2125
2127
2136
2136
2136
2141
2142
2144
2145
2145
2147
2150
2150
2150
2152
2154
2158
2163
2166
2175
2179
2181
2186
2187
2189
2190
2191
2195
2201
2203
2205
2206
2207
2217
2224
2224
2226
2230
2231
2233
2236
2240
2241
2243
2243
2248
2250
2251
2253
2254
2259
2259
2260
2263
2266
2267
2267
2272
2278
2282
2282
2283
2285
2286
2293
2297
2298
2302
2303
2320
2323
2327
2331
2333
2334
2337
2339
2350
2355
2357
2359
2359
2359
2359
2361
2362
2364
2367
2374
2376
2377
2377
2382
2391
2393
2395
2399
2400
2400
2401
2402
2407
2409
2411
2413
2414
2417
2419
2420
2425
2430
2433
2434
2436
2438
2440
2448
2450
2450
2453
2459
2460
2465
2465
2468
2477
2478
2483
2484
2491
2493
2493
2495
2510
2510
2514
2524
2524
2525
2528
2529
2532
2538
2549
2550
2551
2552
2554
2557
2563
2564
2566
2569
2573
2578
2583
2588
2590
2595
2598
2599
2600
2601
2603
2604
2606
2607
2609
2609
2612
2612
2612
2613
2613
2617
2621
2622
2625
2626
2626
2628
2632
2634
2635
2639
2641
2646
2648
2651
2652
2655
2657
2660
2660
2663
2672
2672
2674
2680
2684
2690
2691
2694
2696
2696
2699
2699
2704
2704
2710
2710
2714
2718
2719
2721
2726
2728
2734
2736
2743
2743
2748
2748
2749
2753
2754
2755
2759
2759
2761
2770
2775
2780
2782
2788
2794
2799
2801
2803
2810
2823
2825
2844
2852
2857
2860
2864
2866
2872
2876
2877
2878
2879
2883
2893
2895
2897
2899
2906
2906
2908
2910
2916
2921
2923
2924
2932
2933
2934
2935
2942
2945
2950
2951
2951
2951
2951
2963
2964
2973
2974
2977
2979
2986
2986
2992
2994
2999
3004
3006
3007
3007
3011
3014
3017
3021
3025
3026
3029
3032
3033
3034
3034
3034
3035
3039
3041
3049
3051
3056
3060
3065
3068
3069
3069
3071
3071
3076
3079
3081
3083
3083
3087
3088
3089
3092
3093
3094
3094
3095
3097
3097
3098
3103
3110
3121
3123
3128
3138
3139
3140
3142
3146
3151
3156
3169
3177
3179
3179
3183
3184
3185
3187
3191
3194
3194
3194
3195
3196
3197
3201
3202
3205
3213
3219
3219
3219
3220
3222
3225
3226
3230
3230
3235
3237
3239
3239
3243
3244
3247
3253
3255
3262
3269
3271
3273
3292
3293
3294
3302
3305
3306
3311
3312
3313
3316
3317
3318
3319
3321
3323
3323
3325
3329
3330
3330
3337
3338
3338
3348
3349
3351
3355
3355
3356
3359
3361
3366
3370
3370
3383
3388
3388
3388
3389
3389
3393
3393
3394
3395
3396
3398
3401
3402
3402
3406
3407
3408
3409
3409
3410
3410
3414
3414
3419
3422
3423
3425
3426
3426
3440
3443
3445
3451
3452
3454
3455
3458
3466
3467
3468
3471
3473
3473
3474
3474
3481
3482
3483
3484
3486
3494
3498
3498
3500
3502
3504
3509
3510
3511
3514
3517
3522
3525
3527
3528
3533
3542
3557
3557
3561
3562
3566
3571
3571
3575
3582
3594
3596
3596
3596
3596
3600
3604
3610
3614
3616
3617
3617
3619
3621
3622
3627
3635
3635
3637
3646
3647
3651
3657
3661
3661
3662
3663
3664
3666
3667
3669
3670
3672
3673
3679
3681
3683
3684
3686
3687
3688
3689
3689
3693
3695
3701
3703
3704
3706
3711
3712
3716
3718
3734
3736
3737
3752
3765
3780
3782
3784
3790
3792
3793
3795
3796
3801
3802
3803
3804
3806
3811
3812
3814
3816
3823
3825
3826
3832
3839
3856
3856
3863
3864
3865
3866
3869
3871
3877
3879
3883
3885
3886
3888
3891
3895
3903
3904
3904
3915
3921
3931
3934
3941
3945
3951
3951
3953
3955
3959
3960
3964
3965
3966
3970
3972
3975
3980
3987
3993
3993
3994
3998
4000
4004
4007
4014
4017
4020
4020
4021
4029
4037
4038
4041
4042
4044
4044
4045
4048
4051
4057
4059
4062
4065
4065
4066
4069
4078
4085
4090
4092
4098
4099
4102
4110
4111
4113
4114
4115
4117
4118
4120
4123
4129
4130
4131
4133
4136
4138
4140
4141
4141
4144
4148
4157
4162
4170
4171
4174
4175
4176
4177
4179
4183
4185
4187
4188
4188
4191
4191
4192
4197
4202
4207
4208
4209
4210
4215
4220
4226
4230
4235
4235
4244
4244
4245
4245
4247
4247
4252
4266
4269
4269
4270
4277
4278
4278
4279
4282
4283
4283
4287
4294
4294
4295
4299
4303
4303
4304
4305
4311
4316
4316
4321
4325
4325
4326
4333
4335
4344
4347
4351
4354
4361
4370
4375
4378
4382
4385
4386
4388
4393
4400
4400
4404
4408
4410
4412
4415
4419
4424
4426
4426
4432
4433
4436
4436
4440
4441
4445
4446
4448
4448
4449
4452
4453
4457
4459
4460
4461
4462
4477
4480
4484
4484
4485
4486
4500
4503
4505
4507
4507
4509
4520
4520
4522
4525
4526
4527
4532
4533
4534
4542
4542
4545
4549
4550
4561
4561
4562
4564
4571
4574
4583
4583
4586
4586
4586
4590
4590
4592
4615
4619
4620
4624
4631
4631
4632
4634
4637
4640
4644
4667
4670
4673
4682
4683
4684
4690
4691
4694
4707
4710
4710
4716
4716
4720
4726
4726
4727
4729
4735
4738
4741
4742
4745
4745
4745
4750
4755
4758
4761
4763
4763
4764
4774
4775
4777
4782
4788
4789
4796
4796
4797
4800
4802
4805
4814
4821
4823
4824
4825
4829
4831
4832
4832
4839
4846
4846
4855
4858
4858
4864
4865
4871
4873
4880
4881
4887
4889
4892
4894
4894
4898
4901
4905
4910
4911
4914
4915
4916
4920
4926
4927
4928
4931
4933
4934
4940
4941
4941
4943
4947
4949
4949
4954
4954
4955
4956
4958
4960
4962
4964
4970
4970
4971
4975
4977
4978
4980
4985
4986
4987
4993
4995
5000
5003
5008
5012
5015
5017
5017
5021
5026
5027
5029
5033
5035
5035
5039
5044
5047
5047
5051
5053
5059
5060
5062
5062
5063
5065
5066
5067
5073
5075
5081
5084
5092
5092
5095
5098
5103
5104
5113
5122
5122
5123
5137
5148
5151
5161
5168
5169
5173
5173
5174
5175
5177
5181
5182
5184
5187
5188
5188
5189
5196
5198
5202
5208
5209
5210
5210
5218
5220
5229
5235
5242
5247
5250
5253
5261
5261
5262
5266
5268
5271
5272
5274
5286
5287
5290
5296
5296
5298
5300
5300
5304
5313
5313
5319
5325
5326
5329
5329
5333
5334
5345
5345
5346
5349
5351
5352
5353
5363
5364
5366
5367
5368
5369
5371
5373
5377
5392
5393
5394
5395
5409
5412
5412
5421
5426
5429
5433
5434
5435
5435
5441
5445
5446
5447
5448
5449
5453
5454
5454
5467
5468
5474
5478
5483
5487
5489
5494
5500
5500
5501
5505
5508
5510
5515
5519
5519
5526
5528
5529
5529
5531
5533
5533
5536
5545
5546
5552
5556
5559
5564
5566
5573
5575
5581
5585
5588
5597
5602
5602
5609
5614
5620
5622
5631
5633
5645
5649
5649
5651
5651
5651
5658
5663
5665
5666
5668
5671
5672
5672
5678
5690
5693
5697
5698
5702
5702
5703
5706
5713
5714
5714
5715
5717
5723
5727
5728
5729
5734
5736
5737
5741
5754
5756
5756
5761
5764
5772
5779
5783
5784
5787
5787
5792
5792
5794
5794
5802
5806
5811
5815
5820
5820
5821
5824
5831
5836
5837
5847
5859
5864
5865
5870
5875
5878
5881
5882
5883
5887
5888
5890
5890
5897
5898
5898
5906
5907
5911
5914
5932
5933
5935
5937
5937
5942
5950
5961
5968
5976
5978
5979
5980
5980
5982
5994
5994
5999
6004
6012
6018
6019
6019
6019
6020
6021
6027
6028
6031
6031
6031
6034
6036
6039
6039
6040
6043
6050
6051
6051
6052
6053
6062
6064
6066
6066
6071
6072
6073
6075
6082
6083
6085
6087
6088
6090
6092
6093
6094
6098
6105
6108
6108
6115
6116
6118
6119
6130
6137
6138
6140
6144
6145
6148
6153
6155
6155
6156
6156
6158
6159
6159
6160
6168
6179
6187
6190
6198
6201
6203
6210
6213
6215
6220
6224
6225
6225
6227
6230
6240
6241
6241
6245
6246
6250
6257
6260
6264
6265
6267
6269
6274
6274
6281
6282
6284
6284
6288
6294
6296
6302
6305
6307
6311
6313
6320
6326
6332
6337
6340
6341
6341
6343
6346
6351
6353
6359
6367
6369
6370
6372
6374
6380
6382
6382
6382
6382
6385
6394
6396
6402
6403
6404
6405
6406
6406
6408
6411
6413
6415
6423
6429
6430
6436
6438
6443
6444
6446
6449
6453
6462
6465
6469
6472
6473
6475
6479
6481
6483
6490
6492
6495
6497
6502
6506
6507
6509
6512
6512
6513
6520
6521
6528
6534
6535
6536
6537
6537
6537
6541
6542
6543
6549
6552
6554
6557
6558
6578
6588
6588
6590
6592
6606
6606
6609
6620
6622
6625
6631
6632
6634
6637
6637
6639
6641
6644
6648
6656
6658
6659
6661
6662
6662
6669
6680
6684
6685
6686
6686
6689
6696
6697
6698
6699
6704
6704
6705
6705
6708
6713
6727
6729
6730
6733
6733
6735
6739
6739
6741
6746
6750
6756
6758
6759
6763
6766
6766
6769
6775
6776
6782
6785
6790
6801
6802
6808
6812
6813
6820
6822
6822
6826
6826
6828
6831
6832
6833
6835
6840
6843
6843
6860
6863
6865
6865
6866
6868
6871
6876
6879
6880
6881
6884
6884
6886
6886
6887
6896
6905
6907
6909
6911
6912
6913
6918
6919
6922
6923
6925
6927
6929
6935
6936
6941
6941
6942
6951
6958
6963
6969
6974
6974
6976
6979
6979
6980
6981
6982
6984
6987
6989
6993
6996
7004
7007
7007
7015
7023
7023
7024
7037
7038
7042
7058
7061
7063
7065
7069
7075
7080
7083
7084
7084
7085
7089
7089
7091
7092
7093
7095
7096
7098
7101
7102
7113
7127
7128
7132
7133
7150
7153
7154
7157
7160
7160
7165
7166
7166
7174
7179
7188
7188
7188
7189
7192
7194
7199
7201
7202
7203
7209
7215
7217
7219
7227
7229
7231
7233
7240
7241
7245
7260
7260
7271
7271
7273
7274
7275
7277
7279
7279
7280
7281
7282
7283
7292
7296
7299
7303
7305
7306
7310
7311
7313
7317
7321
7330
7333
7339
7340
7347
7365
7365
7370
7371
7372
7372
7378
7381
7385
7386
7387
7388
7389
7396
7398
7398
7404
7416
7416
7417
7425
7428
7430
7430
7440
7441
7448
7449
7449
7449
7452
7453
7453
7458
7459
7460
7464
7466
7468
7472
7478
7482
7484
7485
7487
7492
7492
7492
7500
7500
7504
7508
7513
7514
7519
7523
7525
7526
7528
7532
7539
7540
7541
7546
7551
7552
7553
7566
7569
7569
7573
7574
7575
7580
7587
7587
7587
7592
7595
7595
7604
7604
7611
7612
7613
7617
7619
7622
7623
7625
7627
7629
7629
7632
7638
7643
7648
7653
7653
7656
7662
7663
7663
7664
7665
7667
7668
7671
7680
7682
7689
7689
7690
7693
7694
7698
7702
7704
7712
7712
7715
7716
7720
7720
7722
7722
7722
7722
7725
7727
7728
7730
7731
7738
7741
7748
7750
7751
7751
7753
7759
7770
7774
7778
7778
7788
7789
7792
7799
7800
7800
7818
7825
7833
7835
7837
7839
7850
7854
7861
7862
7866
7867
7868
7873
7874
7880
7882
7883
7888
7891
7891
7893
7893
7894
7894
7898
7909
7915
7920
7927
7939
7953
7953
7954
7968
7969
7969
7970
7974
7975
7976
7979
7986
7989
7996
7996
8007
8012
8015
8017
8021
8023
8024
8024
8029
8030
8032
8032
8042
8043
8044
8045
8048
8066
8069
8069
8073
8075
8076
8078
8079
8083
8083
8091
8091
8096
8099
8109
8117
8120
8126
8128
8129
8130
8131
8132
8134
8141
8142
8150
8160
8162
8163
8167
8174
8179
8181
8182
8183
8189
8189
8191
8193
8196
8197
8209
8213
8219
8221
8225
8226
8227
8233
8237
8241
8242
8243
8244
8248
8251
8262
8262
8263
8265
8268
8269
8272
8273
8275
8278
8288
8288
8290
8293
8296
8297
8302
8302
8303
8308
8311
8313
8318
8320
8325
8329
8330
8332
8333
8336
8341
8343
8349
8350
8355
8356
8357
8361
8363
8366
8366
8370
8376
8382
8386
8389
8392
8393
8395
8400
8401
8413
8416
8416
8419
8423
8423
8427
8430
8431
8431
8436
8441
8446
8446
8447
8447
8451
8453
8457
8458
8458
8463
8464
8465
8474
8481
8482
8487
8489
8503
8505
8505
8505
8507
8526
8527
8528
8529
8536
8541
8541
8549
8555
8556
8557
8566
8567
8567
8567
8573
8573
8574
8575
8577
8581
8584
8594
8595
8596
8600
8601
8604
8606
8618
8620
8622
8624
8624
8624
8628
8630
8630
8633
8649
8653
8653
8657
8658
8672
8675
8678
8680
8681
8682
8683
8684
8686
8687
8688
8696
8699
8712
8714
8715
8715
8718
8718
8718
8719
8720
8725
8729
8731
8732
8737
8739
8741
8745
8753
8767
8775
8777
8778
8783
8788
8788
8790
8790
8792
8796
8800
8806
8814
8816
8822
8824
8824
8832
8842
8846
8847
8848
8850
8855
8858
8862
8863
8869
8870
8874
8883
8889
8894
8909
8913
8918
8923
8924
8927
8928
8932
8939
8946
8951
8952
8952
8957
8960
8961
8962
8962
8963
8963
8964
8965
8966
8969
8970
8972
8974
8974
8976
8984
8984
8989
8991
8992
8997
9004
9005
9010
9017
9018
9021
9021
9027
9040
9041
9041
9044
9045
9059
9061
9063
9065
9068
9070
9070
9082
9082
9084
9089
9096
9097
9098
9108
9110
9114
9115
9117
9118
9120
9121
9125
9126
9129
9129
9131
9131
9133
9134
9135
9140
9145
9147
9150
9162
9163
9166
9171
9176
9177
9184
9187
9200
9208
9208
9211
9217
9219
9231
9232
9232
9237
9240
9245
9250
9253
9256
9264
9264
9265
9268
9270
9278
9278
9280
9281
9283
9294
9295
9296
9301
9303
9308
9310
9315
9318
9319
9328
9336
9348
9348
9353
9355
9361
9363
9375
9375
9376
9383
9384
9387
9391
9396
9398
9401
9403
9407
9411
9416
9418
9421
9423
9424
9426
9432
9436
9438
9442
9450
9451
9465
9469
9470
9480
9481
9484
9496
9498
9499
9510
9512
9513
9514
9521
9521
9530
9532
9532
9533
9533
9539
9540
9540
9541
9544
9550
9556
9557
9561
9564
9566
9568
9572
9572
9574
9574
9586
9588
9588
9591
9591
9596
9598
9601
9602
9602
9607
9608
9609
9609
9610
9610
9611
9613
9614
9622
9627
9630
9633
9634
9641
9644
9656
9659
9663
9664
9668
9668
9669
9675
9685
9686
9689
9691
9694
9701
9704
9706
9706
9707
9707
9709
9711
9715
9719
9721
9721
9725
9727
9730
9730
9731
9731
9732
9732
9733
9736
9737
9738
9740
9741
9741
9742
9748
9751
9751
9751
9755
9756
9757
9763
9765
9766
9769
9772
9778
9783
9794
9796
9800
9802
9804
9807
9808
9811
9813
9818
9818
9822
9823
9825
9827
9831
9832
9834
9835
9842
9856
9860
9864
9866
9871
9876
9880
9880
9883
9885
9885
9890
9893
9897
9898
9899
9904
9907
9908
9914
9930
9937
9939
9940
9943
9944
9947
9956
9957
9958
9964
9964
9970
9973
9983
9985
9988
9993
10001
10007
10012
10014
10019
10020
10022
10025
10027
10029
10029
10030
10030
10031
10039
10045
10046
10055
10059
10059
10063
10067
10068
10074
10075
10075
10077
10077
10088
10092
10094
10098
10100
10104
10108
10115
10118
10119
10120
10121
10122
10129
10133
10135
10136
10145
10147
10147
10150
10153
10155
10156
10157
10160
10161
10164
10172
10181
10184
10186
10187
10189
10192
10192
10195
10199
10202
10207
10208
10209
10210
10217
10221
10223
10223
10224
10227
10228
10228
10232
10246
10248
10248
10250
10260
10261
10269
10271
10272
10272
10274
10275
10276
10279
10281
10291
10291
10299
10299
10300
10314
10317
10322
10322
10324
10326
10329
10332
10332
10333
10336
10347
10349
10356
10365
10376
10377
10380
10392
10392
10398
10398
10403
10404
10410
10412
10415
10418
10435
10435
10439
10444
10447
10447
10448
10448
10449
10453
10457
10458
10466
10472
10474
10478
10491
10492
10497
10501
10504
10505
10509
10511
10513
10515
10525
10536
10536
10538
10543
10547
10547
10549
10551
10551
10556
10573
10574
10587
10594
10596
10599
10600
10601
10607
10608
10611
10614
10615
10620
10621
10631
10635
10640
10640
10642
10643
10643
10647
10652
10655
10661
10663
10664
10667
10667
10668
10671
10675
10685
10687
10687
10694
10695
10696
10697
10700
10704
10704
10709
10709
10713
10718
10719
10720
10730
10741
10746
10760
10761
10761
10763
10764
10769
10772
10778
10778
10778
10782
10784
10789
10810
10810
10811
10814
10818
10818
10819
10824
10827
10829
10830
10835
10841
10842
10851
10855
10857
10862
10865
10882
10887
10888
10889
10890
10892
10905
10906
10906
10913
10913
10914
10916
10921
10926
10927
10931
10931
10937
10938
10961
10962
10971
10971
10972
10973
10974
10977
10980
10981
10984
10986
10986
10986
10988
10989
10994
10994
11000
11014
11017
11019
11020
11020
11026
11028
11031
11045
11046
11049
11051
11052
11058
11066
11075
11076
11077
11079
11084
11087
11089
11093
11093
11094
11096
11100
11103
11106
11106
11108
11111
11113
11120
11120
11121
11124
11125
11138
11142
11144
11145
11146
11146
11155
11161
11161
11163
11164
11164
11188
11193
11194
11196
11196
11204
11204
11207
11208
11208
11209
11210
11214
11219
11221
11222
11230
11233
11238
11249
11257
11258
11261
11263
11265
11268
11269
11270
11273
11277
11286
11289
11289
11300
11304
11305
11308
11311
11315
11320
11321
11323
11334
11335
11337
11347
11353
11357
11358
11367
11367
11369
11373
11374
11375
11381
11388
11389
11391
11394
11395
11399
11406
11419
11420
11423
11425
11427
11428
11429
11433
11434
11441
11442
11444
11446
11453
11455
11456
11457
11463
11466
11469
11471
11475
11478
11481
11481
11481
11487
11487
11487
11494
11497
11499
11504
11509
11510
11511
11521
11522
11525
11528
11529
11532
11537
11538
11540
11541
11543
11544
11546
11550
11558
11562
11562
11568
11569
11574
11577
11577
11578
11588
11593
11596
11600
11602
11607
11614
11615
11616
11619
11620
11623
11627
11632
11635
11637
11644
11647
11649
11653
11654
11656
11656
11656
11661
11661
11662
11662
11668
11669
11678
11684
11687
11691
11701
11701
11701
11703
11715
11719
11720
11721
11724
11727
11730
11732
11733
11742
11743
11744
11745
11748
11750
11758
11762
11765
11768
11772
11774
11785
11795
11802
11806
11811
11813
11817
11821
11823
11823
11824
11826
11826
11832
11832
11833
11835
11842
11842
11846
11847
11847
11848
11853
11861
11864
11866
11868
11869
11872
11880
11881
11883
11891
11892
11899
11901
11903
11903
11904
11907
11907
11908
11910
11910
11914
11916
11917
11920
11921
11921
11923
11923
11924
11925
11925
11926
11935
11941
11945
11951
11953
11956
11956
11957
11959
11962
11966
11968
11969
11970
11971
11974
11976
11978
11988
11989
11993
12011
12016
12017
12020
12026
12027
12030
12036
12043
12044
12044
12045
12049
12054
12055
12060
12063
12073
12074
12081
12083
12085
12086
12093
12093
12094
12097
12099
12101
12117
12119
12126
12129
12136
12137
12143
12146
12146
12148
12153
12155
12156
12161
12167
12167
12169
12173
12174
12177
12181
12182
12186
12188
12188
12188
12190
12191
12193
12204
12206
12209
12212
12215
12216
12216
12223
12226
12227
12228
12229
12234
12236
12240
12241
12246
12252
12259
12261
12262
12264
12268
12272
12273
12275
12276
12276
12278
12280
12285
12286
12291
12294
12295
12299
12304
12304
12305
12308
12310
12312
12324
12333
12338
12343
12346
12348
12348
12350
12355
12357
12358
12360
12360
12362
12362
12380
12388
12393
12398
12399
12399
12401
12403
12408
12409
12410
12411
12413
12414
12419
12421
12422
12427
12428
12428
12435
12436
12440
12440
12441
12450
12456
12463
12468
12469
12475
12477
12478
12481
12487
12489
12497
12503
12503
12504
12506
12507
12510
12518
12519
12523
12523
12524
12528
12529
12535
12547
12554
12559
12566
12566
12568
12570
12571
12575
12582
12596
12599
12601
12601
12603
12605
12609
12611
12615
12619
12634
12635
12638
12640
12641
12645
12653
12654
12660
12664
12665
12671
12672
12672
12673
12674
12675
12683
12683
12684
12685
12693
12699
12699
12702
12704
12705
12705
12709
12710
12713
12716
12729
12737
12738
12742
12742
12746
12749
12750
12753
12755
12756
12759
12771
12772
12773
12781
12787
12787
12791
12792
12802
12804
12808
12811
12812
12813
12815
12817
12819
12819
12820
12823
12836
12840
12842
12846
12860
12860
12862
12862
12864
12875
12875
12883
12895
12897
12900
12906
12910
12912
12918
12920
12922
12928
12932
12939
12940
12940
12941
12942
12945
12949
12951
12951
12953
12958
12960
12961
12961
12963
12966
12970
12971
12979
12980
12982
12982
12984
12986
12989
12990
12993
12994
12995
13003
13004
13007
13008
13010
13011
13023
13029
13034
13035
13036
13041
13057
13062
13073
13074
13081
13082
13083
13083
13084
13089
13091
13092
13099
13102
13102
13103
13106
13107
13108
13110
13111
13117
13119
13123
13125
13125
13128
13130
13130
13133
13143
13145
13157
13159
13162
13167
13171
13172
13187
13190
13191
13199
13201
13203
13206
13206
13209
13209
13211
13220
13221
13221
13225
13227
13227
13228
13235
13237
13237
13238
13242
13243
13253
13255
13258
13261
13267
13267
13270
13279
13283
13289
13289
13292
13292
13296
13296
13305
13309
13314
13315
13316
13318
13320
13323
13325
13326
13328
13329
13331
13332
13336
13341
13351
13354
13356
13361
13361
13362
13362
13369
13373
13376
13399
13399
13406
13414
13420
13421
13423
13424
13430
13430
13432
13432
13433
13436
13439
13445
13451
13459
13461
13463
13467
13470
13470
13473
13477
13479
13479
13481
13484
13487
13488
13504
13507
13513
13516
13519
13523
13526
13526
13526
13526
13532
13539
13541
13549
13554
13554
13556
13558
13569
13579
13580
13585
13591
13593
13594
13595
13595
13599
13602
13605
13608
13616
13624
13625
13625
13630
13633
13634
13638
13638
13675
13677
13678
13687
13688
13688
13689
13689
13690
13692
13716
13716
13716
13717
13719
13720
13729
13730
13730
13732
13732
13735
13736
13737
13742
13747
13747
13750
13751
13751
13756
13757
13757
13757
13761
13766
13768
13771
13774
13777
13780
13780
13781
13781
13782
13788
13791
13794
13803
13805
13808
13819
13823
13830
13831
13833
13834
13836
13846
13851
13882
13891
13892
13892
13892
13892
13900
13903
13914
13916
13917
13919
13922
13925
13934
13935
13939
13944
13945
13951
13957
13960
13962
13971
13973
13974
13980
13980
13984
13986
13989
13990
13994
13998
13999
14000
14004
14004
14007
14012
14017
14017
14020
14020
14020
14031
14035
14036
14037
14039
14039
14039
14042
14045
14048
14048
14050
14052
14055
14062
14067
14069
14069
14069
14071
14081
14081
14081
14088
14088
14091
14092
14098
14098
14100
14101
14110
14114
14115
14118
14123
14126
14127
14128
14131
14131
14135
14136
14141
14147
14149
14150
14153
14156
14161
14174
14177
14179
14180
14181
14189
14190
14193
14195
14198
14200
14200
14202
14203
14204
14204
14205
14205
14221
14222
14226
14226
14227
14242
14242
14244
14246
14256
14261
14267
14268
14268
14270
14273
14276
14278
14280
14287
14292
14296
14302
14305
14305
14305
14308
14309
14310
14321
14325
14326
14327
14332
14333
14339
14339
14342
14344
14344
14346
14347
14358
14361
14366
14371
14375
14378
14385
14388
14390
14398
14399
14402
14410
14411
14413
14415
14416
14426
14426
14427
14433
14434
14438
14439
14440
14440
14440
14448
14453
14455
14455
14458
14461
14465
14467
14472
14473
14475
14479
14481
14483
14485
14486
14486
14487
14488
14490
14496
14496
14501
14504
14504
14510
14511
14513
14518
14523
14524
14531
14533
14535
14540
14545
14545
14548
14557
14566
14572
14573
14574
14576
14581
14587
14592
14592
14594
14602
14613
14617
14619
14623
14627
14633
14634
14636
14637
14648
14652
14658
14662
14662
14669
14670
14672
14674
14679
14679
14683
14686
14690
14691
14693
14693
14697
14697
14698
14699
14699
14702
14703
14706
14706
14709
14714
14714
14717
14721
14723
14727
14730
14735
14737
14741
14755
14757
14763
14764
14765
14766
14766
14771
14787
14787
14788
14790
14791
14798
14800
14802
14807
14812
14813
14813
14815
14822
14823
14828
14832
14832
14835
14836
14840
14840
14843
14850
14855
14857
14867
14868
14871
14872
14877
14886
14888
14889
14895
14896
14897
14901
14901
14903
14907
14907
14911
14913
14913
14916
14918
14920
14924
14924
14927
14928
14929
14931
14931
14939
14943
14943
14949
14951
14952
14952
14953
14953
14964
14968
14968
14969
14969
14973
14976
14977
14980
14981
14991
14995
14996
15000
15004
15007
15008
15014
15016
15019
15021
15034
15037
15038
15040
15040
15044
15044
15049
15050
15052
15054
15061
15075
15080
15080
15081
15081
15081
15086
15092
15105
15109
15109
15112
15113
15115
15118
15119
15126
15134
15139
15141
15144
15145
15152
15155
15156
15161
15163
15166
15168
15172
15174
15181
15182
15183
15187
15188
15192
15193
15213
15232
15232
15238
15241
15243
15244
15247
15254
15256
15263
15265
15272
15275
15276
15281
15281
15283
15283
15289
15290
15290
15290
15290
15291
15294
15297
15299
15303
15303
15311
15313
15313
15318
15321
15341
15347
15348
15350
15353
15356
15359
15362
15363
15366
15366
15368
15372
15373
15375
15376
15385
15386
15387
15389
15390
15392
15399
15400
15401
15405
15408
15409
15417
15423
15424
15424
15425
15427
15428
15433
15434
15434
15437
15437
15442
15443
15444
15444
15446
15447
15449
15450
15453
15456
15459
15459
15464
15469
15470
15471
15472
15478
15484
15495
15500
15505
15506
15508
15509
15512
15518
15522
15524
15527
15534
15535
15545
15550
15558
15559
15564
15571
15575
15576
15579
15581
15583
15586
15589
15591
15592
15603
15604
15608
15619
15631
15635
15638
15644
15646
15649
15658
15664
15666
15669
15676
15678
15681
15689
15691
15691
15695
15697
15703
15706
15708
15715
15716
15718
15718
15724
15726
15727
15735
15737
15739
15746
15757
15759
15759
15760
15761
15764
15764
15766
15768
15768
15774
15779
15781
15787
15789
15790
15791
15798
15800
15802
15803
15805
15807
15808
15808
15809
15812
15812
15816
15817
15820
15822
15829
15829
15829
15835
15836
15840
15855
15856
15858
15860
15866
15867
15872
15876
15880
15886
15892
15892
15897
15897
15898
15899
15903
15908
15909
15914
15920
15921
15925
15926
15926
15932
15941
15944
15946
15946
15948
15950
15953
15957
15960
15964
15966
15966
15970
15972
15980
15984
15984
15988
15989
15993
15993
15995
15997
16002
16006
16011
16012
16013
16014
16014
16015
16021
16025
16026
16028
16031
16040
16049
16052
16052
16054
16055
16057
16061
16062
16064
16065
16067
16069
16074
16076
16077
16088
16093
16095
16097
16097
16102
16104
16117
16118
16120
16128
16129
16132
16134
16137
16139
16140
16141
16147
16152
16155
16155
16155
16156
16163
16166
16169
16169
16170
16172
16180
16183
16191
16204
16211
16213
16214
16218
16219
16222
16223
16225
16225
16229
16234
16235
16242
16248
16250
16250
16251
16252
16257
16262
16264
16264
16266
16274
16276
16276
16277
16287
16295
16295
16300
16301
16313
16319
16320
16338
16351
16358
16361
16369
16375
16380
16392
16393
16393
16396
16403
16405
16406
16409
16412
16413
16423
16424
16438
16444
16447
16450
16451
16457
16458
16467
16468
16481
16482
16486
16493
16493
16495
16495
16495
16501
16502
16509
16511
16517
16519
16525
16525
16525
16527
16528
16534
16535
16535
16536
16541
16541
16542
16544
16545
16546
16550
16551
16553
16553
16557
16563
16564
16564
16565
16576
16577
16578
16579
16585
16588
16590
16594
16599
16600
16605
16609
16615
16618
16620
16623
16624
16634
16634
16636
16637
16641
16641
16643
16643
16645
16645
16647
16651
16656
16658
16659
16666
16671
16672
16672
16689
16690
16692
16701
16702
16703
16705
16706
16707
16708
16708
16714
16721
16725
16725
16727
16731
16731
16733
16733
16735
16744
16744
16756
16771
16771
16776
16782
16783
16784
16790
16811
16812
16818
16819
16822
16823
16829
16834
16838
16839
16841
16844
16854
16857
16860
16862
16867
16873
16875
16878
16883
16886
16895
16897
16906
16909
16911
16912
16919
16921
16922
16923
16932
16932
16934
16937
16940
16940
16949
16950
16960
16961
16970
16974
16976
16979
16980
16980
16981
16981
16984
16991
16995
16999
17004
17012
17013
17018
17021
17022
17034
17035
17048
17049
17052
17066
17066
17069
17072
17073
17074
17079
17080
17082
17087
17096
17097
17103
17104
17108
17108
17112
17112
17113
17113
17117
17117
17120
17125
17129
17135
17136
17141
17142
17143
17144
17157
17166
17167
17168
17170
17172
17173
17177
17181
17182
17191
17200
17201
17207
17210
17213
17218
17220
17224
17225
17238
17239
17240
17248
17252
17254
17259
17260
17263
17264
17264
17265
17266
17268
17272
17275
17277
17278
17282
17282
17294
17294
17310
17317
17317
17321
17328
17331
17343
17345
17345
17346
17348
17357
17359
17360
17368
17373
17379
17381
17387
17390
17393
17395
17395
17399
17400
17402
17403
17408
17412
17413
17414
17424
17425
17426
17432
17440
17441
17449
17450
17450
17466
17475
17475
17492
17494
17506
17507
17512
17512
17512
17517
17522
17524
17524
17526
17529
17532
17535
17535
17537
17540
17544
17548
17554
17555
17555
17558
17565
17566
17575
17576
17577
17584
17585
17589
17589
17602
17605
17610
17618
17619
17620
17628
17636
17638
17639
17639
17644
17650
17655
17655
17662
17665
17668
17670
17671
17672
17673
17681
17686
17688
17696
17698
17698
17699
17711
17717
17726
17727
17728
17743
17747
17755
17756
17763
17765
17766
17767
17767
17767
17773
17775
17777
17780
17781
17781
17781
17783
17785
17789
17790
17792
17795
17799
17805
17810
17810
17814
17821
17824
17837
17837
17844
17850
17854
17855
17855
17862
17866
17866
17868
17875
17876
17879
17882
17888
17889
17890
17895
17899
17901
17906
17908
17914
17914
17926
17926
17928
17929
17930
17931
17941
17943
17944
17948
17951
17956
17958
17969
17976
17976
17978
17982
17984
17984
17991
17992
18002
18008
18015
18016
18016
18018
18020
18025
18031
18034
18036
18038
18049
18053
18058
18059
18060
18064
18074
18074
18076
18080
18081
18082
18085
18093
18097
18099
18100
18103
18104
18111
18116
18124
18124
18128
18137
18137
18137
18139
18143
18144
18145
18145
18145
18147
18149
18149
18149
18157
18159
18164
18166
18167
18171
18171
18172
18172
18176
18177
18179
18180
18181
18182
18186
18187
18189
18194
18206
18210
18212
18215
18217
18222
18224
18225
18235
18246
18250
18250
18252
18256
18256
18260
18262
18265
18266
18269
18272
18278
18278
18282
18282
18292
18308
18311
18315
18318
18319
18321
18323
18326
18327
18330
18330
18335
18344
18344
18347
18348
18350
18354
18355
18355
18356
18366
18368
18368
18380
18385
18389
18394
18394
18407
18413
18423
18424
18425
18427
18427
18429
18436
18440
18443
18446
18451
18451
18456
18457
18457
18475
18477
18477
18477
18488
18493
18493
18494
18495
18498
18498
18499
18499
18500
18503
18503
18504
18506
18508
18511
18514
18516
18528
18529
18531
18531
18536
18538
18541
18543
18546
18549
18550
18564
18565
18569
18573
18573
18578
18579
18582
18594
18608
18611
18615
18620
18621
18623
18626
18629
18631
18632
18637
18641
18650
18652
18653
18657
18664
18669
18670
18670
18674
18685
18687
18690
18690
18693
18694
18696
18697
18701
18701
18708
18709
18711
18712
18714
18716
18719
18719
18719
18719
18722
18726
18727
18730
18733
18736
18741
18742
18748
18751
18753
18754
18764
18764
18769
18785
18788
18802
18812
18813
18822
18824
18825
18826
18831
18833
18833
18835
18835
18846
18847
18856
18858
18859
18871
18872
18874
18880
18889
18892
18896
18898
18905
18907
18912
18914
18915
18915
18915
18916
18923
18926
18927
18935
18938
18940
18943
18943
18954
18956
18957
18958
18959
18963
18974
18974
18978
18980
18981
18982
18983
18986
18988
18988
18992
18994
18996
19001
19002
19006
19007
19017
19019
19021
19027
19030
19030
19040
19043
19048
19049
19052
19057
19058
19063
19066
19069
19074
19074
19076
19079
19084
19089
19092
19095
19100
19101
19105
19105
19110
19115
19117
19122
19123
19123
19124
19127
19130
19131
19133
19133
19140
19145
19145
19147
19148
19148
19157
19165
19171
19173
19178
19179
19185
19190
19190
19198
19198
19209
19216
19217
19218
19220
19226
19230
19231
19234
19236
19237
19240
19253
19254
19263
19269
19271
19272
19279
19283
19285
19303
19304
19305
19305
19311
19315
19317
19319
19321
19331
19332
19332
19334
19334
19336
19338
19341
19342
19345
19348
19348
19370
19373
19375
19376
19376
19377
19380
19381
19385
19399
19400
19401
19402
19403
19408
19408
19412
19413
19419
19424
19424
19429
19434
19434
19448
19448
19451
19455
19457
19464
19464
19475
19477
19479
19485
19487
19488
19489
19491
19495
19497
19498
19500
19500
19506
19510
19510
19515
19518
19520
19523
19537
19541
19544
19545
19547
19548
19555
19560
19563
19565
19566
19567
19567
19571
19574
19577
19592
19596
19604
19605
19606
19607
19608
19608
19609
19611
19614
19615
19618
19620
19622
19622
19629
19629
19632
19635
19638
19641
19643
19644
19648
19649
19654
19656
19660
19661
19664
19664
19671
19673
19677
19685
19686
19693
19694
19705
19707
19712
19713
19714
19720
19720
19736
19736
19736
19737
19738
19742
19742
19743
19750
19761
19764
19767
19773
19775
19775
19775
19779
19780
19781
19788
19789
19790
19793
19795
19800
19807
19808
19808
19809
19815
19816
19822
19823
19825
19828
19829
19829
19830
19831
19832
19833
19834
19845
19852
19860
19863
19865
19874
19877
19877
19879
19887
19889
19893
19894
19896
19899
19900
19901
19905
19908
19924
19924
19927
19935
19936
19940
19941
19943
19950
19951
19954
19966
19967
19971
19972
19980
19986
19987
19987
19988
19988
19989
19990
19990
19994
20001
20002
20002
20003
20004
20005
20007
20010
20011
20012
20012
20016
20020
20022
20024
20025
20044
20048
20049
20051
20052
20054
20055
20055
20055
20058
20063
20064
20065
20066
20067
20074
20077
20078
20083
20088
20093
20105
20108
20113
20115
20116
20118
20119
20120
20120
20123
20129
20130
20138
20139
20142
20149
20153
20166
20173
20179
20195
20201
20202
20206
20209
20211
20212
20215
20217
20226
20226
20246
20250
20251
20256
20266
20269
20271
20274
20276
20284
20285
20286
20289
20291
20291
20293
20300
20307
20307
20315
20315
20316
20316
20322
20324
20330
20331
20334
20337
20337
20339
20341
20345
20348
20349
20353
20354
20360
20365
20371
20373
20378
20387
20389
20392
20394
20395
20398
20399
20402
20404
20409
20409
20416
20420
20420
20424
20425
20428
20429
20429
20430
20430
20441
20446
20450
20450
20451
20452
20453
20455
20455
20456
20457
20458
20463
20463
20470
20471
20474
20476
20482
20484
20485
20485
20487
20489
20509
20514
20514
20522
20529
20529
20529
20538
20539
20541
20543
20546
20547
20548
20553
20557
20559
20565
20565
20569
20572
20574
20583
20596
20601
20603
20607
20609
20614
20621
20634
20635
20636
20646
20647
20655
20663
20664
20672
20678
20682
20686
20687
20701
20702
20703
20707
20709
20712
20723
20724
20730
20735
20739
20754
20757
20757
20758
20765
20766
20771
20772
20775
20779
20779
20780
20786
20789
20791
20793
20798
20799
20802
20806
20809
20810
20817
20818
20819
20820
20821
20822
20826
20837
20839
20840
20841
20844
20846
20847
20847
20848
20852
20852
20853
20854
20857
20857
20858
20861
20861
20862
20874
20877
20879
20884
20884
20893
20895
20900
20904
20905
20911
20913
20918
20920
20923
20931
20934
20940
20946
20947
20950
20955
20956
20961
20964
20970
20974
20978
20985
20992
20993
20994
20995
20996
21004
21006
21007
21008
21009
21011
21013
21019
21024
21027
21029
21033
21033
21035
21038
21039
21040
21042
21046
21047
21057
21060
21062
21062
21066
21068
21073
21076
21079
21080
21084
21091
21091
21094
21102
21109
21116
21117
21128
21130
21131
21132
21133
21135
21143
21146
21147
21158
21164
21166
21169
21170
21171
21175
21176
21177
21181
21191
21193
21194
21196
21202
21214
21216
21217
21221
21229
21229
21236
21237
21239
21240
21241
21244
21253
21257
21259
21263
21264
21266
21271
21272
21276
21281
21285
21288
21289
21290
21300
21302
21302
21303
21308
21317
21321
21332
21334
21334
21337
21342
21346
21348
21354
21355
21357
21376
21383
21384
21386
21386
21388
21388
21398
21403
21406
21407
21411
21416
21421
21421
21423
21427
21430
21435
21436
21459
21459
21461
21467
21472
21476
21482
21485
21486
21493
21494
21497
21498
21500
21503
21509
21509
21513
21522
21522
21523
21528
21530
21549
21549
21551
21559
21560
21560
21562
21570
21574
21575
21584
21593
21597
21605
21605
21611
21613
21613
21615
21623
21624
21624
21624
21625
21626
21634
21636
21637
21643
21645
21653
21654
21660
21660
21663
21663
21669
21669
21670
21671
21671
21680
21683
21692
21693
21693
21696
21699
21711
21712
21713
21714
21715
21718
21718
21718
21724
21726
21726
21737
21738
21740
21740
21758
21759
21761
21769
21770
21770
21772
21774
21783
21783
21785
21785
21792
21793
21798
21799
21800
21809
21812
21817
21821
21826
21830
21834
21835
21839
21843
21846
21847
21849
21855
21858
21860
21861
21864
21868
21869
21869
21869
21889
21890
21895
21896
21900
21901
21907
21910
21912
21913
21915
21916
21921
21923
21923
21928
21931
21932
21934
21935
21936
21938
21938
21938
21943
21954
21959
21963
21963
21969
21969
21971
21971
21973
21977
21984
21986
21988
21991
21994
21995
21998
22004
22006
22008
22020
22020
22022
22023
22023
22023
22027
22028
22029
22037
22041
22042
22043
22054
22054
22055
22059
22066
22067
22070
22073
22073
22074
22077
22079
22082
22084
22090
22099
22100
22101
22101
22102
22110
22111
22113
22121
22121
22123
22134
22146
22146
22149
22149
22153
22154
22156
22158
22158
22159
22162
22163
22163
22169
22175
22175
22177
22181
22181
22189
22192
22194
22197
22198
22199
22199
22206
22207
22207
22208
22210
22213
22214
22223
22227
22229
22234
22239
22245
22248
22249
22253
22253
22254
22258
22261
22263
22265
22267
22275
22276
22277
22280
22280
22288
22289
22292
22299
22310
22313
22313
22313
22316
22319
22319
22324
22331
22334
22337
22347
22348
22350
22350
22353
22357
22362
22363
22363
22363
22367
22368
22371
22375
22379
22384
22395
22395
22397
22400
22405
22406
22406
22408
22410
22412
22413
22415
22420
22420
22426
22426
22428
22435
22435
22444
22444
22446
22448
22448
22450
22456
22456
22463
22465
22466
22471
22476
22477
22484
22489
22492
22507
22512
22514
22514
22515
22515
22521
22526
22527
22527
22528
22528
22528
22531
22540
22543
22544
22546
22546
22551
22562
22562
22582
22587
22593
22596
22597
22597
22600
22607
22612
22613
22616
22621
22625
22627
22628
22630
22631
22632
22639
22640
22649
22649
22650
22652
22654
22655
22660
22665
22676
22682
22687
22687
22697
22698
22700
22701
22708
22713
22715
22724
22725
22726
22727
22735
22736
22739
22745
22751
22753
22759
22763
22765
22766
22770
22770
22775
22777
22779
22783
22787
22787
22790
22791
22793
22798
22798
22799
22800
22802
22806
22808
22815
22824
22826
22830
22831
22837
22840
22844
22851
22851
22854
22854
22860
22873
22873
22877
22877
22887
22887
22889
22892
22901
22902
22907
22907
22909
22910
22917
22917
22928
22941
22944
22945
22946
22947
22949
22950
22956
22962
22965
22968
22968
22969
22973
22977
22985
22986
22991
22993
22998
23003
23004
23006
23015
23016
23018
23018
23020
23042
23042
23043
23046
23047
23048
23048
23049
23051
23054
23056
23057
23061
23063
23068
23068
23070
23070
23072
23080
23086
23091
23092
23093
23095
23096
23096
23098
23105
23112
23115
23116
23118
23118
23122
23123
23125
23128
23133
23138
23141
23142
23142
23142
23148
23150
23151
23151
23152
23156
23156
23158
23163
23170
23170
23172
23175
23177
23181
23188
23190
23199
23202
23202
23203
23207
23211
23211
23212
23219
23222
23225
23225
23226
23226
23228
23229
23230
23233
23240
23241
23244
23248
23250
23261
23262
23267
23273
23277
23280
23283
23284
23286
23292
23304
23308
23309
23327
23331
23333
23333
23333
23337
23337
23346
23349
23352
23353
23355
23359
23362
23366
23371
23377
23377
23378
23381
23382
23383
23386
23389
23392
23392
23396
23399
23400
23410
23411
23420
23421
23424
23429
23430
23439
23454
23456
23456
23459
23459
23464
23468
23468
23471
23476
23477
23481
23488
23489
23489
23495
23497
23500
23502
23508
23515
23519
23522
23525
23530
23534
23535
23538
23540
23544
23548
23549
23555
23556
23557
23559
23563
23563
23573
23575
23579
23585
23587
23591
23596
23603
23604
23607
23610
23617
23620
23622
23624
23625
23631
23633
23638
23638
23639
23640
23640
23643
23647
23649
23650
23660
23670
23671
23671
23671
23672
23673
23685
23689
23694
23695
23697
23701
23706
23707
23708
23710
23713
23713
23713
23715
23720
23721
23722
23723
23723
23724
23729
23731
23737
23738
23739
23754
23755
23756
23757
23762
23763
23766
23767
23772
23772
23772
23777
23785
23790
23794
23795
23797
23798
23798
23805
23808
23811
23813
23814
23815
23816
23817
23821
23824
23824
23828
23830
23836
23842
23844
23852
23852
23857
23858
23866
23871
23872
23880
23885
23885
23890
23890
23895
23901
23902
23904
23908
23908
23909
23910
23912
23912
23921
23924
23925
23928
23936
23939
23939
23947
23948
23951
23955
23955
23960
23964
23964
23966
23974
23975
23977
23980
23988
23990
23993
23993
23997
23998
23998
23999
24000
24007
24008
24009
24018
24026
24033
24035
24041
24042
24043
24050
24051
24055
24056
24058
24060
24075
24081
24081
24083
24084
24084
24091
24093
24106
24110
24113
24125
24126
24130
24131
24135
24143
24144
24145
24150
24152
24155
24164
24169
24169
24176
24178
24179
24184
24190
24194
24195
24200
24201
24204
24205
24206
24208
24213
24221
24222
24222
24222
24223
24223
24224
24225
24231
24234
24241
24241
24242
24245
24248
24251
24254
24254
24256
24261
24263
24266
24267
24272
24282
24287
24289
24294
24295
24298
24298
24302
24305
24311
24311
24313
24315
24325
24326
24328
24330
24337
24337
24337
24338
24343
24352
24352
24356
24356
24361
24363
24363
24363
24364
24370
24377
24388
24395
24396
24402
24406
24406
24409
24410
24411
24418
24418
24420
24420
24422
24426
24427
24436
24439
24441
24445
24448
24448
24452
24455
24457
24458
24465
24465
24469
24471
24480
24480
24490
24496
24496
24502
24506
24515
24516
24517
24518
24522
24524
24530
24530
24535
24536
24540
24540
24545
24556
24557
24559
24565
24583
24586
24586
24586
24588
24597
24598
24600
24603
24604
24607
24611
24613
24616
24616
24618
24646
24650
24651
24653
24656
24657
24657
24668
24672
24678
24684
24686
24687
24689
24690
24691
24692
24695
24699
24707
24708
24711
24711
24722
24723
24729
24738
24739
24739
24745
24750
24751
24754
24756
24758
24758
24765
24772
24775
24777
24783
24786
24787
24790
24791
24797
24799
24799
24800
24801
24805
24811
24817
24817
24822
24824
24826
24828
24828
24833
24838
24841
24842
24843
24845
24849
24855
24860
24860
24876
24877
24883
24888
24888
24889
24898
24902
24908
24911
24921
24921
24922
24927
24928
24929
24933
24933
24937
24942
24944
24947
24951
24953
24955
24963
24963
24965
24966
24966
24966
24967
24971
24975
24980
24986
24987
24989
24992
24992
24996
24997
24997
25004
25012
25015
25018
25020
25032
25038
25039
25040
25046
25047
25049
25054
25057
25057
25061
25066
25067
25076
25077
25079
25080
25086
25090
25091
25093
25096
25101
25107
25110
25110
25117
25117
25118
25120
25121
25122
25124
25130
25131
25134
25143
25145
25152
25152
25153
25155
25158
25160
25160
25161
25165
25168
25168
25180
25181
25184
25185
25188
25192
25192
25194
25196
25203
25204
25211
25212
25219
25220
25221
25226
25230
25236
25238
25242
25244
25255
25255
25262
25266
25280
25286
25292
25292
25294
25295
25295
25301
25302
25303
25310
25313
25313
25326
25331
25335
25335
25337
25338
25339
25341
25343
25344
25347
25348
25350
25355
25361
25361
25365
25368
25368
25379
25382
25383
25386
25391
25391
25400
25401
25414
25416
25416
25419
25423
25423
25424
25429
25433
25436
25436
25440
25445
25446
25450
25452
25454
25458
25459
25471
25471
25476
25479
25480
25481
25481
25482
25489
25494
25501
25507
25507
25509
25525
25528
25535
25536
25539
25540
25540
25551
25552
25554
25556
25559
25561
25561
25561
25563
25564
25578
25579
25590
25596
25597
25598
25602
25604
25605
25606
25607
25607
25609
25616
25618
25619
25628
25636
25639
25639
25641
25645
25650
25651
25664
25667
25667
25679
25679
25680
25680
25684
25690
25691
25704
25704
25706
25708
25712
25714
25714
25715
25715
25716
25717
25719
25720
25720
25722
25725
25730
25732
25740
25744
25756
25760
25760
25761
25767
25768
25773
25775
25777
25778
25779
25783
25783
25783
25788
25788
25789
25790
25797
25799
25801
25809
25810
25814
25819
25821
25821
25826
25827
25828
25831
25832
25837
25840
25844
25846
25848
25849
25851
25854
25859
25863
25867
25873
25878
25880
25885
25886
25888
25893
25894
25898
25904
25904
25904
25909
25910
25910
25914
25922
25924
25928
25929
25931
25933
25934
25935
25937
25942
25942
25947
25949
25953
25959
25961
25962
25965
25966
25967
25972
25973
25974
25981
25982
25989
25990
25993
25995
25997
26006
26006
26006
26011
26012
26014
26014
26015
26018
26022
26036
26037
26037
26042
26042
26047
26050
26055
26058
26060
26061
26066
26068
26068
26070
26071
26073
26075
26088
26088
26090
26091
26103
26106
26107
26115
26115
26120
26120
26120
26122
26126
26127
26131
26133
26137
26141
26148
26168
26170
26174
26177
26179
26181
26194
26202
26202
26205
26207
26207
26208
26212
26213
26218
26222
26229
26237
26241
26242
26244
26245
26246
26249
26257
26258
26259
26262
26269
26270
26272
26276
26277
26280
26280
26284
26290
26290
26292
26294
26296
26296
26299
26300
26303
26307
26307
26312
26314
26314
26323
26325
26325
26327
26328
26336
26339
26340
26341
26350
26355
26357
26362
26363
26369
26372
26380
26381
26386
26389
26390
26391
26400
26410
26415
26422
26424
26427
26428
26429
26436
26437
26439
26446
26447
26449
26449
26450
26451
26455
26456
26456
26469
26469
26474
26474
26477
26483
26483
26487
26488
26490
26493
26495
26495
26496
26497
26499
26499
26499
26501
26508
26514
26517
26520
26532
26534
26536
26539
26541
26547
26551
26552
26552
26553
26554
26555
26560
26561
26563
26566
26571
26571
26576
26577
26579
26584
26585
26586
26590
26592
26599
26612
26614
26617
26623
26625
26630
26634
26635
26635
26640
26643
26652
26659
26672
26673
26679
26679
26679
26684
26699
26701
26706
26706
26708
26711
26712
26713
26713
26715
26716
26721
26723
26723
26724
26729
26730
26736
26736
26739
26741
26745
26748
26750
26753
26753
26755
26755
26755
26756
26763
26764
26767
26770
26775
26777
26777
26777
26788
26791
26794
26796
26797
26803
26804
26808
26812
26816
26819
26824
26831
26836
26837
26843
26844
26849
26849
26856
26859
26866
26866
26868
26869
26875
26877
26880
26883
26884
26891
26891
26892
26895
26902
26908
26913
26915
26916
26917
26917
26918
26927
26928
26931
26942
26947
26949
26949
26952
26952
26952
26958
26960
26970
26975
26977
26983
26993
26996
27004
27004
27009
27010
27012
27016
27021
27022
27023
27026
27030
27032
27034
27037
27037
27039
27041
27043
27043
27045
27052
27053
27056
27060
27061
27064
27070
27072
27076
27079
27091
27098
27101
27103
27107
27112
27116
27116
27118
27119
27121
27122
27124
27127
27128
27128
27143
27143
27146
27147
27148
27149
27157
27159
27162
27167
27175
27176
27181
27181
27191
27192
27193
27195
27198
27199
27200
27204
27210
27214
27220
27226
27226
27229
27235
27244
27260
27267
27269
27270
27271
27275
27277
27279
27281
27281
27283
27284
27288
27294
27299
27312
27312
27315
27317
27317
27320
27325
27331
27332
27333
27336
27337
27343
27345
27346
27351
27352
27355
27355
27361
27361
27362
27369
27370
27372
27373
27376
27380
27385
27388
27390
27390
27398
27401
27406
27415
27419
27424
27429
27429
27442
27445
27447
27449
27457
27459
27463
27469
27470
27476
27477
27478
27482
27483
27483
27484
27488
27490
27490
27491
27492
27494
27498
27502
27503
27505
27509
27510
27512
27515
27519
27519
27520
27520
27526
27531
27534
27535
27535
27538
27541
27546
27548
27549
27553
27568
27570
27571
27571
27575
27577
27578
27580
27582
27584
27586
27586
27587
27587
27587
27591
27602
27603
27604
27605
27605
27611
27612
27616
27629
27629
27630
27633
27634
27636
27637
27641
27642
27642
27645
27662
27666
27667
27671
27672
27675
27677
27678
27678
27679
27684
27686
27687
27688
27688
27695
27695
27699
27701
27706
27708
27712
27713
27733
27738
27740
27745
27748
27748
27762
27768
27769
27774
27785
27787
27787
27788
27795
27796
27803
27806
27812
27813
27817
27817
27822
27822
27827
27834
27843
27843
27844
27847
27851
27854
27855
27859
27859
27859
27861
27866
27867
27870
27872
27874
27881
27882
27883
27884
27885
27894
27897
27903
27903
27904
27905
27910
27912
27912
27914
27916
27920
27930
27936
27936
27936
27939
27942
27947
27951
27956
27964
27967
27975
27976
27983
27988
27993
28002
28007
28009
28011
28014
28019
28027
28029
28030
28033
28034
28035
28037
28039
28044
28046
28052
28052
28053
28056
28057
28059
28061
28068
28071
28072
28073
28073
28075
28078
28079
28086
28087
28089
28093
28096
28102
28105
28106
28107
28111
28118
28122
28126
28133
28136
28139
28140
28141
28144
28144
28148
28160
28164
28166
28167
28171
28173
28180
28184
28184
28187
28189
28192
28193
28195
28204
28205
28217
28224
28228
28229
28229
28239
28239
28244
28245
28246
28247
28249
28252
28258
28261
28273
28274
28275
28278
28279
28279
28283
28283
28286
28290
28290
28290
28294
28296
28301
28305
28309
28309
28313
28314
28315
28321
28325
28331
28336
28336
28336
28338
28339
28340
28342
28343
28343
28350
28352
28354
28354
28370
28373
28376
28377
28379
28379
28381
28383
28383
28383
28385
28387
28402
28408
28409
28420
28423
28425
28429
28431
28432
28433
28433
28434
28435
28436
28436
28438
28442
28455
28457
28461
28466
28466
28469
28474
28481
28490
28490
28492
28493
28493
28496
28507
28514
28515
28515
28516
28517
28517
28519
28520
28523
28527
28527
28538
28539
28539
28540
28541
28550
28553
28554
28558
28558
28560
28564
28568
28576
28577
28578
28579
28579
28582
28582
28587
28587
28589
28597
28602
28605
28606
28607
28608
28608
28609
28609
28612
28612
28616
28617
28625
28629
28630
28630
28631
28632
28635
28638
28642
28645
28651
28652
28653
28654
28656
28657
28658
28658
28659
28659
28689
28689
28690
28694
28695
28700
28700
28703
28705
28710
28711
28712
28714
28715
28717
28720
28727
28727
28733
28734
28738
28740
28742
28744
28749
28754
28755
28757
28759
28764
28768
28768
28772
28773
28780
28783
28784
28785
28791
28792
28796
28804
28805
28805
28810
28813
28813
28823
28823
28823
28826
28829
28834
28835
28836
28841
28842
28846
28861
28863
28865
28865
28872
28872
28875
28875
28877
28880
28880
28886
28889
28891
28897
28897
28899
28899
28902
28903
28906
28906
28920
28921
28926
28926
28927
28928
28932
28939
28939
28940
28943
28951
28958
28959
28966
28969
28972
28985
28986
28992
28992
28993
29005
29009
29011
29011
29014
29016
29018
29019
29019
29021
29024
29026
29028
29028
29029
29030
29032
29039
29039
29040
29042
29043
29044
29045
29047
29048
29051
29054
29055
29058
29058
29065
29073
29076
29076
29077
29079
29080
29093
29095
29095
29096
29099
29101
29103
29106
29107
29107
29110
29110
29115
29116
29123
29123
29133
29138
29139
29141
29142
29142
29144
29147
29149
29154
29159
29159
29169
29169
29170
29171
29172
29175
29184
29186
29187
29191
29192
29192
29194
29197
29201
29207
29207
29212
29212
29213
29218
29220
29224
29225
29225
29230
29231
29237
29239
29241
29244
29250
29259
29261
29263
29263
29263
29266
29266
29271
29272
29276
29279
29281
29282
29284
29287
29299
29299
29320
29326
29329
29333
29343
29344
29352
29352
29354
29356
29357
29360
29363
29371
29376
29392
29392
29394
29396
29398
29398
29399
29400
29401
29402
29402
29406
29406
29411
29411
29414
29414
29415
29416
29416
29419
29420
29424
29424
29430
29432
29435
29444
29445
29448
29449
29449
29454
29456
29459
29462
29465
29474
29476
29477
29484
29487
29496
29502
29505
29506
29507
29511
29522
29522
29524
29530
29532
29535
29535
29536
29539
29545
29546
29547
29550
29550
29552
29552
29554
29555
29558
29565
29566
29568
29571
29573
29580
29580
29583
29584
29585
29587
29599
29600
29604
29607
29609
29623
29624
29624
29625
29627
29636
29637
29639
29643
29646
29651
29653
29655
29659
29661
29663
29664
29665
29672
29675
29685
29687
29691
29692
29700
29702
29720
29727
29734
29735
29738
29747
29749
29750
29755
29756
29760
29773
29789
29792
29794
29796
29798
29807
29815
29817
29817
29829
29831
29832
29835
29836
29842
29858
29859
29860
29864
29869
29872
29874
29875
29882
29882
29885
29891
29899
29903
29904
29906
29909
29915
29919
29921
29925
29933
29934
29938
29938
29947
29947
29948
29962
29962
29962
29963
29964
29964
29968
29969
29976
29978
29979
29984
29985
29988
29988
29988
29991
29991
29996
30002
30002
30002
30004
30005
30007
30008
30012
30013
30014
30016
30017
30025
30025
30030
30033
30034
30043
30048
30049
30051
30055
30056
30057
30057
30063
30063
30066
30074
30077
30079
30079
30087
30088
30092
30097
30098
30099
30100
30102
30109
30109
30110
30115
30116
30126
30138
30141
30142
30144
30146
30151
30151
30154
30156
30158
30162
30164
30167
30175
30177
30184
30184
30185
30186
30189
30194
30201
30202
30207
30213
30217
30221
30222
30226
30229
30234
30241
30242
30243
30243
30248
30250
30253
30253
30256
30259
30262
30264
30265
30266
30270
30275
30282
30284
30292
30296
30302
30306
30309
30310
30312
30315
30316
30318
30326
30326
30328
30334
30338
30340
30342
30348
30352
30352
30353
30354
30356
30358
30362
30362
30363
30363
30364
30371
30372
30383
30386
30388
30392
30403
30406
30406
30412
30418
30430
30438
30440
30443
30448
30453
30456
30470
30472
30472
30475
30478
30478
30479
30482
30489
30491
30494
30497
30498
30500
30502
30505
30517
30517
30521
30523
30523
30524
30525
30526
30528
30531
30534
30550
30551
30555
30559
30562
30567
30579
30580
30584
30590
30590
30597
30598
30603
30607
30607
30615
30615
30623
30624
30634
30635
30642
30642
30642
30644
30647
30649
30650
30653
30660
30668
30677
30679
30681
30683
30684
30688
30688
30689
30696
30703
30704
30709
30713
30716
30716
30716
30717
30718
30719
30721
30723
30730
30730
30731
30737
30740
30740
30740
30742
30742
30746
30748
30748
30756
30759
30767
30769
30769
30773
30781
30783
30785
30786
30788
30789
30793
30799
30800
30804
30809
30810
30812
30814
30822
30824
30827
30828
30836
30836
30838
30844
30846
30850
30855
30857
30862
30865
30867
30868
30876
30879
30884
30884
30897
30898
30902
30902
30903
30907
30907
30907
30908
30913
30916
30927
30929
30932
30934
30935
30935
30936
30943
30943
30945
30948
30951
30955
30960
30961
30965
30966
30966
30972
30980
30985
30989
30991
30996
30998
31001
31004
31004
31004
31015
31027
31031
31031
31039
31041
31044
31045
31046
31048
31048
31050
31051
31053
31054
31081
31088
31091
31091
31094
31095
31098
31103
31103
31108
31115
31117
31119
31119
31120
31121
31123
31130
31131
31134
31143
31155
31157
31164
31167
31167
31171
31172
31172
31177
31177
31181
31181
31184
31188
31191
31191
31196
31198
31202
31204
31213
31217
31222
31225
31228
31233
31237
31237
31241
31243
31244
31245
31246
31253
31256
31258
31259
31260
31262
31264
31272
31272
31275
31276
31279
31280
31282
31283
31284
31288
31294
31297
31297
31300
31302
31305
31308
31313
31316
31316
31325
31328
31329
31335
31335
31352
31356
31358
31360
31361
31361
31363
31363
31368
31373
31373
31382
31387
31388
31394
31405
31407
31410
31413
31420
31431
31431
31432
31432
31437
31438
31439
31439
31441
31448
31448
31451
31452
31453
31454
31455
31459
31466
31468
31469
31469
31477
31479
31480
31482
31484
31488
31489
31490
31498
31499
31505
31508
31509
31522
31527
31527
31530
31531
31534
31538
31542
31542
31546
31547
31547
31548
31549
31558
31562
31571
31572
31574
31575
31576
31577
31577
31583
31585
31588
31589
31589
31592
31596
31599
31600
31612
31617
31619
31621
31623
31627
31627
31632
31634
31635
31644
31651
31652
31652
31652
31653
31656
31656
31659
31668
31671
31676
31677
31678
31678
31681
31681
31683
31685
31686
31686
31687
31687
31692
31694
31697
31699
31701
31701
31702
31705
31706
31707
31710
31714
31715
31718
31721
31724
31725
31726
31726
31729
31731
31744
31744
31745
31746
31747
31753
31753
31758
31758
31761
31762
31764
31764
31767
31769
31775
31787
31788
31788
31799
31799
31801
31801
31802
31806
31809
31815
31816
31819
31820
31829
31830
31834
31836
31838
31843
31856
31858
31859
31867
31868
31871
31871
31871
31873
31874
31875
31876
31886
31888
31892
31894
31899
31899
31901
31903
31904
31905
31907
31909
31913
31913
31914
31917
31919
31921
31922
31931
31936
31938
31939
31941
31946
31949
31949
31952
31954
31956
31957
31961
31965
31967
31971
31978
31982
31987
31990
31992
31999
32000
32001
32008
32025
32028
32029
32035
32039
32040
32041
32049
32052
32054
32061
32063
32066
32067
32075
32078
32079
32082
32086
32088
32088
32109
32111
32112
32118
32119
32127
32131
32133
32135
32139
32140
32142
32143
32144
32149
32153
32154
32160
32169
32172
32176
32182
32183
32190
32196
32200
32201
32202
32205
32207
32209
32212
32215
32215
32218
32223
32223
32224
32225
32225
32230
32246
32247
32250
32254
32254
32258
32262
32262
32262
32267
32268
32271
32276
32283
32285
32291
32302
32305
32306
32308
32309
32313
32314
32318
32321
32322
32325
32327
32327
32328
32329
32336
32339
32341
32342
32345
32346
32348
32350
32351
32355
32355
32357
32357
32357
32358
32360
32371
32374
32379
32381
32388
32396
32401
32410
32414
32414
32419
32423
32423
32428
32430
32438
32443
32447
32449
32452
32453
32456
32457
32458
32461
32461
32462
32463
32463
32464
32468
32469
32473
32474
32474
32475
32478
32483
32484
32484
32489
32491
32493
32494
32496
32497
32498
32500
32504
32507
32508
32509
32510
32511
32513
32521
32521
32530
32531
32532
32532
32536
32539
32542
32543
32544
32548
32552
32556
32560
32570
32570
32572
32575
32578
32580
32581
32587
32597
32599
32599
32602
32607
32612
32615
32617
32620
32632
32632
32633
32636
32637
32641
32642
32645
32647
32649
32651
32652
32653
32655
32655
32657
32660
32665
32665
32670
32672
32675
32684
32688
32689
32691
32692
32695
32697
32697
32702
32702
32704
32705
32709
32713
32715
32717
32720
32727
32727
32732
32732
32735
32735
32741
32741
32742
32752
32758
32762
32764
32766
32766
Number of compares: 
49655318
